P_PEIXE	P_CARNE	P_PORCO	P_FRANGO	Q_PEIXE	Q_CARNE	Q_PORCO	Q_FRANGO	V_PEIXE	V_CARNE	V_PORCO	V_FRANGO
3.33381	2.929073	2.3	1.839798	2.822308	6.678077	.0153846	4.566346	9.409038	19.56058	.0353846	8.401154
			1.4	0	0	0	.0778846	0	0	0	.1090385
2.928152	2.582627	3.156667	1.970796	1.719712	5.379808	.1153846	3.806058	5.035577	13.89404	.3642308	7.500962
	3.315			0	.0384615	0	0	0	.1275	0	.0526923
2.624063	2.966699	3.021591	1.850109	2.044173	5.908212	.1692308	4.728827	5.364038	17.52788	.5113462	8.748846
5.52	3.25			.0384615	.0576923	0	0	.2123077	.1875	0	.0438462
2.826995	2.8331	3.956667	2.180773	2.399327	7.419231	.0576923	4.315865	6.782885	21.01942	.2282692	9.411923
2.35312	2.596036	1.868696	1.876086	2.465385	6.083462	.2211538	4.491346	5.801346	15.79288	.4132692	8.426154
2.530773	2.680585	3.202852	1.920783	2.177885	8.548077	.1483654	4.800827	5.511731	22.91385	.4751923	9.221346
2.307931	2.707788	3.094783	1.868878	2.480577	6.238346	.2211538	5.623077	5.725	16.89212	.6844231	10.50885
2.617601	2.885854	3.655	1.932178	3.029712	6.203269	.1153846	5.622788	7.930577	17.90173	.4217308	10.86423
2.485669	2.70432	4.022213	1.929029	2.734135	6.423269	.2424038	4.569558	6.796154	17.37058	.975	8.814808
2.204781	2.562845	3.378333	1.845884	1.971154	7.125346	.1153846	3.896923	4.345961	18.26115	.3898077	7.193269
	3.064286			0	.1346154	0	0	0	.4125	0	0
3.276151	2.844546	12.61	1.955878	1.878846	6.010692	.0192308	5.054192	6.155385	17.09769	.2425	9.885385
3.527115	2.639488	3.472	1.93262	2.329808	7.177019	.4807692	5.099692	8.2175	18.94365	1.669231	9.855769
2.881088	2.783996	4.851894	2.087327	2.791346	7.441365	.1999615	5.423942	8.042115	20.71673	.9701923	11.32154
2.713018	2.63849		2.065917	.325	1.044231	0	.8548077	.8817308	2.755192	0	1.765962
4.4425	2.777284		1.702211	.1538462	.8651923	0	.7826923	.6834615	2.402885	0	1.332308
3.853333	2.966667		2.05334	.0576923	.0865385	0	.3569231	.2223077	.2567308	0	.7328846
2.73			1.34	.0576923	0	0	.0384615	.1575	0	0	.0515385
	1.56		2.109524	0	.0192308	0	.0807692	0	.03	0	.1703846
	2.937778		1.180645	0	.0865385	0	.1192308	0	.2542308	0	.1407692
3.993164	3.637628	2.580173	2.401326	.8721154	3.983365	.2230769	3.916346	3.4825	14.49	.5755769	9.404423
3.78	2.56		1.591177	.0288462	.0288462	0	.0653846	.1090385	.0738462	0	.1040385
3.664806	3.449304	3.117323	2.24813	.8095192	3.515481	.2442308	4.692019	2.966731	12.12596	.7613462	10.54827
	.8	2.77		0	.0384615	.0384615	0	0	.0307692	.1065385	0
2.828715	3.327431	2.332828	2.324459	1.145192	3.084558	.3807692	4.287019	3.239423	10.26365	.8882692	9.965
3.516023	3.492918	3.418823	2.172447	.9961538	4.074673	.3269231	5.001538	3.5025	14.2325	1.117692	10.86558
2.955827	3.976785	2.531977	2.228557	1.288654	3.876827	.3307692	4.445962	3.809038	15.41731	.8375	9.908077
3.95	3.58		1.930435	.0192308	.0288462	0	.1548077	.0759615	.1032692	0	.2988462
3.058834	3.523482	3.11844	2.343241	1.055769	3.910577	.2711538	4.502885	3.229423	13.77885	.8455769	10.55135
2.843443	3.363797	2.195332	2.355184	.9605769	3.926538	.1565385	4.670385	2.731346	13.20808	.3436539	10.99962
2.880894	3.36601	3.241667	2.247065	.9461538	4.780769	.3230769	5.536538	2.725769	16.09212	1.047308	12.44096
	9.15			0	.0192308	0	0	0	.1759615	0	.0230769
2.895453	3.893583	2.484348	2.128396	.6999038	3.500385	.4423077	5.369519	2.026538	13.62904	1.098846	11.42846
3.440496	3.242142	2.362838	2.16727	.8225	3.596269	.3943269	4.297058	2.829808	11.65962	.9317308	9.312885
3.698781	3.650928	2.859254	2.363302	.6307692	3.547096	.2602885	4.075865	2.333077	12.95019	.7442308	9.6325
				0	0	0	0	0	0	0	.0475
4.683418	3.456788	2.126407	2.236009	.9451923	3.928558	.4442308	5.111269	4.426731	13.58019	.9446154	11.42885
3.501786	3.380629	2.609767	2.213621	1.076923	4.022692	.4134615	4.752308	3.771154	13.59923	1.079038	10.51981
			1.572727	0	0	0	.0423077	0	0	0	.0665385
3.292079	3.400907	2.659487	2.627427	.1942308	.4240385	.1875	.4655769	.6394231	1.442115	.4986538	1.223269
2	3.324231		2.766013	.0192308	.5	0	.2942308	.0384615	1.662115	0	.8138462
3.413333	3.536	2.84	2.109333	.0576923	.0961538	.0384615	.2884615	.1969231	.34	.1092308	.6084615
1.624	2.1144		2.308908	.0480769	.2403846	0	.1947308	.0780769	.5082692	0	.4496154
	3.8	4.5	2.057143	0	.0192308	.0192308	.1615385	0	.0730769	.0865385	.3323077
1.823333	3.075		2.252727	.0576923	.0769231	0	.2115385	.1051923	.2365385	0	.4765385
2.12	3.717391	2.25	1.846988	.0769231	.0884615	.0192308	.1596154	.1630769	.3288462	.0432692	.2948077
3	3.817143		2.418	.0192308	.0673077	0	.0961538	.0576923	.2569231	0	.2325
3.473333	3.306035		2.23662	.0576923	.2230769	0	.1365385	.2003846	.7375	0	.3053846
	4.04		3.94	0	.0096154	0	.0576923	0	.0388462	0	.2273077
	3.466667		1.811111	0	.0576923	0	.0865385	0	.2	0	.1567308
		2.325	2.36	0	0	.0384615	.0384615	0	0	.0894231	.0907692
2.94	2.676923		2.312222	.0192308	.125	0	.1730769	.0565385	.3346154	0	.4001923
	3.6		3.22	0	.0192308	0	.0384615	0	.0692308	0	.1238462
3.154416	3.487002	3.111667	2.73446	1.038654	3.337173	.1153846	3.276346	3.276346	11.63673	.3590385	8.959038
4.016027	3.402486	2.727442	2.411112	1.007885	3.122038	.1035769	4.112769	4.047692	10.62269	.2825	9.916346
2.709849	3.237753	3.374101	2.326631	1.149865	3.461981	.0267308	4.360962	3.115962	11.20904	.0901923	10.14635
2.908502	3.100794	3.028	2.457869	1.1875	3.814346	.0480769	4.100096	3.453846	11.8275	.1455769	10.0775
3.495066	3.601107	2.827381	2.656996	.6801346	3.105135	.1615385	3.236231	2.377115	11.18192	.4567308	8.598654
3.750547	3.524833	3.707917	2.519797	.7906538	3.105712	.1250962	3.465481	2.965385	10.94712	.4638462	8.732308
2.675209	3.448899	2.341772	2.263155	.9680769	3.148385	.1367308	3.760577	2.589808	10.85846	.3201923	8.510769
3.15	4.2		2.59	.0192308	.0096154	0	.0192308	.0605769	.0403846	0	.0498077
3.401792	3.128382		2.380497	.6975962	2.704827	0	3.119904	2.373077	8.461731	.1288462	7.426923
3.008333	4.24		2.3	.0230769	.0192308	0	.0384615	.0694231	.0815385	0	.0884615
	3.05		1.85	0	.0192308	0	.0192308	0	.0586538	0	.0355769
3.046966	3.466072	1.679433	2.400687	.6305769	3.295962	.0677885	3.025577	1.921346	11.42404	.1138462	7.263462
2.471613	3.020611	2.671896	2.227714	.6401923	3.509096	.2942308	3.630058	1.582308	10.59962	.7861539	8.086731
2.369354	3.267888	2.414546	2.60726	.5748077	3.288115	.3173077	3.244712	1.361923	10.74519	.7661538	8.459808
2.724509	3.135955	3.204444	2.057135	.8921154	2.845962	.0865385	4.224135	2.430577	8.924808	.2773077	8.689615
3.128786	3.0673	2.189091	1.963135	.8571154	3.85675	.3173077	3.706885	2.681731	11.82981	.6946154	7.277115
2.340909	2.520313	1.763077	2.222192	.2115385	.6153846	.375	.6963846	.4951923	1.550962	.6611539	1.5475
5.452562	3.644586	3.102467	2.227097	.2026923	.3933654	.1013462	.6969231	1.105192	1.433654	.3144231	1.552115
15.29	3.346956		2.120282	.0384615	.2211538	0	.3133654	.5880769	.7401923	0	.6644231
1.9	5.955	2.555	2.142857	.0384615	.0384615	.0384615	.1346154	.0730769	.2290385	.0982692	.2884615
	3.34		1.59	0	.0192308	0	.0384615	0	.0642308	.02	.0611538
3.178571	3.982353			.0215385	.0653846	0	0	.0684615	.2603846	0	.0767308
1.94	2.7			.0192308	.0384615	0	0	.0373077	.1038462	0	.0340385
	2.675		1.716667	0	.0769231	0	.0576923	0	.2057692	0	.0990385
4.642903	2.959194	4.066667	2.170096	.5961538	2.893654	.0663462	3.419558	2.767885	8.562885	.2698077	7.420769
3.201225	3.265665	3.442555	2.324847	1.249942	3.722885	.3245577	2.333404	4.001346	12.15769	1.117308	5.424808
3.250849	2.976164	2.790326	2.006896	.8781731	3.990423	.0842885	3.245827	2.854808	11.87615	.2351923	6.514038
4.090436	2.950683	2.933132	2.649632	.8135769	3.082077	.19125	3.300096	3.327885	9.094231	.5609615	8.744038
4.424787	3.439425	3.828392	2.228943	.4174038	4.248865	.1349231	2.403692	1.846923	14.61365	.5165384	5.357692
3.880869	2.85089	3.705575	2.113502	.4116346	3.857365	.1103846	3.575	1.5975	10.99692	.4090385	7.555769
			1.058358	0	0	0	.0388846	0	0	0	.0411538
	3.381818			0	.0211538	0	0	0	.0715385	0	.0217308
4.280603	2.933569	4.093385	1.985627	.2741346	2.000058	.0988462	2.445846	1.173462	5.867308	.4046154	4.856538
3.257384	2.952004		2.066871	.4557692	3.568827	0	2.646327	1.484615	10.53519	.0542308	5.469615
2.949704	2.782229	4.67426	2.098596	.6048846	2.476846	.0422115	2.94675	1.784231	6.891154	.1973077	6.184039
3.55404	3.431604	8.856269	2.264522	1.232346	2.355481	.0314423	2.396923	4.379808	8.083077	.2784615	5.427885
3.1333	3.338515	3.07044	2.189842	.6864231	3.192058	.1277692	3.048077	2.150769	10.65673	.3923077	6.674808
3.539064	2.754633	3.534847	2.064662	.6727115	2.467731	.1456923	2.689115	2.380769	6.797692	.515	5.552115
4.487548	3.081665	4.846667	1.809245	.6023077	2.27125	.0288462	3.443	2.702885	6.999231	.1398077	6.229231
3.468165	4.436473		2.531268	.0513462	.1474231	0	.29675	.1780769	.6540385	0	.7511538
1.875	3.957064		4.053778	.0153846	.3851923	0	.3196923	.0288462	1.524231	0	1.295962
3.5375	3.344551		3.912593	.0769231	.72	0	.1298077	.2721154	2.408077	0	.5078846
4.95564	3.164911		3.505988	.0758654	.3029615	0	.1926923	.3759615	.9588461	0	.6755769
2.933333	3.464191		2.530061	.0288462	.145	0	.2350962	.0846154	.5023077	0	.5948077
3.28	2.4875		8.343325	.0769231	.1538462	0	.0705769	.2523077	.3826923	0	.5888462
				0	0	0	0	0	0	0	.0571154
	3.300645		2.10625	0	.2980769	0	.1538462	0	.9838462	0	.3240385
	1.24		1.19	0	.0384615	0	.0769231	0	.0476923	0	.0915385
	5.740323		2.376	0	.1192308	0	.0961538	.1538462	.6844231	0	.2284615
	1.852	4.28	1.95641	0	.0480769	.0384615	.075	0	.0890385	.1646154	.1467308
4.62	3.33		1.795181	.0096154	.0576923	0	.1596154	.0444231	.1921154	0	.2865385
3.092808	3.378704	2.585449	2.176864	.0828846	2.041577	.5075	2.4195	.2563462	6.897885	1.312115	5.266923
3.694054	4.194534	3.642995	2.870427	.1778846	1.743019	.4982692	1.826115	.6571154	7.311154	1.815192	5.241731
4.335869	3.950258	3.880571	2.69739	.1643269	2.257788	.3365385	1.960442	.7125	8.918846	1.305962	5.288077
4.817351	3.575823	3.537924	2.193676	.3369231	2.950962	.4956731	2.575673	1.623077	10.55212	1.753654	5.650192
			4.008333	0	0	0	.0230769	0	0	0	.0925
2.9	3.307557	2.36858	2.743232	.0769231	2.8425	.5092308	2.021058	.2230769	9.401731	1.206154	5.544231
5.037875	3.168662	2.470158	2.780392	.1700962	2.257019	.7620192	2.071788	.8569231	7.151731	1.882308	5.760385
			2.1	0	0	0	.0192308	0	0	0	.0403846
3.60534	3.685581	2.589856	2.805365	.3313462	1.941923	.5024038	1.994462	1.194615	7.157115	1.301154	5.595192
3.882105	3.371078	2.661444	2.455247	.1826923	2.778442	.7242308	2.756577	.7092308	9.366346	1.9275	6.768077
5.334688	3.857342	2.999601	2.188985	.1893269	2.272788	.4817308	2.165212	1.01	8.766923	1.445	4.739615
6.625362	3.208145	3.373301	2.184009	.2653846	2.535673	.3961538	2.716423	1.758269	8.134808	1.336346	5.932692
4.172727	3.681963	5.016177	3.067339	.1269231	2.147788	.6538462	1.826	.5296154	7.908077	3.279808	5.600962
5.076799	3.954489	1.891549	2.615168	.1189423	2.324038	.6826923	2.202462	.6038462	9.190385	1.291346	5.759808
5.613579	3.271969	4.17215	3.040643	.2294231	2.860192	.7920192	1.867077	1.287885	9.358462	3.304423	5.677115
3.21	3.507027	2.609	2.766981	.0769231	.5336538	.1923077	.4076923	.2469231	1.871538	.5017308	1.128077
	9.3125	4.972881	2.8468	0	.1846154	.1134615	.1832692	0	1.719231	.5642308	.5217308
	3.26993	1.5	4.925	0	.275	.0384615	.0384615	0	.8992308	.0576923	.1894231
				0	0	0	0	0	.2626923	.0940385	.1009615
	3.745602	3.82	1.765281	0	.3880962	.0192308	.2557885	0	1.453654	.0734615	.4515385
		3.411765	1.596016	0	0	.0326923	.2413462	0	0	.1115385	.3851923
	2.384		2.2125	0	.0480769	0	.0769231	0	.1146154	0	.1701923
	4.66			0	.0096154	0	0	0	.0448077	0	0
	3.690909			0	.0211538	0	0	0	.0780769	0	.0171154
	2.059016		1.796875	0	.0586538	0	.0369231	0	.1207692	0	.0663462
	3.67		1.997829	0	.0192308	0	.2657692	0	.0705769	0	.5309615
6.500448	3.848516	2.469811	3.803551	.3220192	1.840769	.1019231	1.143769	2.093269	7.084231	.2517308	4.350385
3.882128	4.917517	3.302222	3.052872	.4519231	1.686827	.0865385	1.345769	1.754423	8.295	.2857692	4.108462
3.740061	4.045479	3.726667	4.355326	.6288462	2.152308	.1730769	1.323269	2.351923	8.707115	.645	5.763269
2.807564	4.404741	2.842647	4.66338	.4626923	2.172615	.1307692	1.03375	1.299038	9.569808	.3717308	4.820769
3.073364	4.822729	3.388	2.85774	.4115385	1.426538	.0961538	1.380192	1.264808	6.879808	.3257692	3.944231
2.784957	4.26383	2.826667	3.5223	.6443269	1.988462	.0865385	1.671712	1.794423	8.478462	.2446154	5.888269
14.06818	3.694025	3.562	3.105891	.4230769	2.276077	.0961538	1.297596	5.951923	8.407885	.3425	4.030192
2.897143	3.48629	3.267347	3.6926	.4038462	1.879615	.0942308	1.013462	1.17	6.552885	.3078846	3.742308
2.929412	4.201938	3.345907	2.837569	.3923077	2.113173	.1886346	1.612635	1.149231	8.879423	.6311538	4.575962
3.210773	3.742638	3.664244	3.179359	.6412308	2.053827	.1323077	1.361365	2.058846	7.686731	.4848077	4.328269
2.891946	4.143281	5.4625	5.008751	.2865385	2.361423	.1538462	1.032808	.8286538	9.784038	.8403846	5.173077
4.270476	4.095905	3.604651	5.070786	.4038462	2.220135	.1653846	1.05275	1.724615	9.093462	.5961538	5.338269
3.766667	4.288239	4.950628	3.55942	.5019231	2.078	.1285385	1.397808	1.890577	8.910962	.6363462	4.975385
	2.24			0	.0192308	0	0	0	.0430769	0	0
5.513846	4.973649		2.619231	.125	.2846154	0	.25	.6892308	1.415577	.0957692	.6548077
	4.287778		3.648421	0	.3461538	0	.1826923	0	1.484231	0	.6665384
	4.741111		11.078	0	.1730769	0	.0961538	0	.8205769	.175	1.065192
3.776316	3.695238		5.85	.0730769	.2019231	0	.0807692	.2759615	.7461539	0	.4725
6.737288	5.495		1.304	.0453846	.0384615	0	.1442308	.3057692	.2113462	0	.1880769
	5.171052			0	.0730769	0	0	0	.3778846	0	0
	2.9		7.6	0	.0576923	0	.0384615	0	.1673077	0	.2923077
	4.163333		3.806667	0	.0576923	0	.0576923	0	.2401923	0	.2196154
	4.85			0	.0192308	0	0	0	.0932692	0	0
	3.8			0	.0384615	0	0	0	.1461538	0	.1290385
	3.156667		2.805	0	.1153846	0	.0384615	0	.3642308	0	.1078846
	4.9			0	.0384615	0	0	0	.1884615	0	.0765385
2.251829	4.099722	3.590625	3.138572	.3153846	2.560962	.0615385	1.557788	.7101923	10.49923	.2209615	4.889231
3.18	3.373333			.0192308	.0865385	0	0	.0611538	.2919231	0	.06
6.567	3.921172	3.3825	2.704136	.1923077	2.032654	.0769231	1.425096	1.262885	7.970385	.2601923	3.853654
6.384762	6.556416	2.864444	3.989161	.1009615	2.137308	.0865385	1.752923	.6446154	14.01308	.2478846	6.992692
4.614706	4.020266	4.1	3.396769	.1961538	1.620731	.1826923	1.130769	.9051923	6.515769	.7490385	3.840962
3.853333	4.573157	2.516751	3.300311	.1875	2.164596	.3788462	1.436462	.7225	9.899039	.9534615	4.740769
4.5475	4.692858	6.825454	3.87562	.1538462	2.205192	.1057692	1.278654	.6996154	10.34865	.7219231	4.955577
5.417077	3.924484	3.565714	2.818056	.2342308	2.691731	.0673077	1.111923	1.268846	10.56365	.24	3.133462
2.673748	3.959987	3.909189	3.641495	.1900962	2.100288	.0889423	1.008462	.5082692	8.317115	.3476923	3.672308
5.083168	4.092854	3.615385	2.916414	.3861538	1.842423	.125	1.460962	1.962885	7.540769	.4519231	4.260769
6.700578	5.960865	50.78095	4.336252	.3326923	1.872212	.0201923	1.493269	2.229231	11.16	1.025385	6.475192
				0	0	0	0	0	.0571154	0	0
6.332293	4.09024	4.08	2.812926	.1539423	1.855308	.0576923	1.523462	.9748077	7.588654	.2353846	4.285385
10.41493	6.248686	6.374286	3.890326	.0644231	1.829615	.0673077	1.716981	.6709615	11.43269	.4290385	6.679615
5.886429	4.296566	5.415648	3.226891	.2692308	2.220288	.1573077	1.510385	1.584808	9.539615	.8519231	4.873846
5.995	11.4932	8.453968	6.773358	.0769231	.4951923	.1211538	.5125	.4611539	5.691346	1.024231	3.471346
8.5	3.995266	1.52	2.973214	.0307692	.6093269	.0192308	.4092308	.2615385	2.434423	.0292308	1.216731
8.19322	4.143056	2.890805	2.761731	.1134615	.4140385	.0334615	.1577885	.9296154	1.715385	.0967308	.4357692
	4.64		7.62	0	.1826923	0	.0192308	0	.8476923	0	.1465385
	4.656			0	.0480769	0	0	0	.2238462	0	0
	7.08			0	.0384615	0	0	0	.2723077	0	.025
1.723333	3.455		2.755	.0576923	.1923077	0	.0769231	.0994231	.6644231	0	.2119231
3.84	3.18		12.08	.0288462	.0576923	0	.0192308	.1107692	.1834615	0	.2323077
	3.25			0	.0192308	0	0	0	.0625	0	0
				0	0	0	0	0	0	0	.0292308
7.549308	3.526753	3.108753	1.883857	.2613077	1.770096	.25375	1.471	1.972692	6.242692	.7888461	2.771154
6.764348	3.375246	2.752299	1.936684	.2211538	1.468269	.3346154	1.694808	1.495962	4.955769	.9209615	3.282308
2.66	3.620955	4.07653	1.946324	.0192308	2.035481	.1884615	1.648077	.0511538	7.370385	.7682692	3.207692
2.165	3.201815	3.789238	2.405144	.3076923	2.754327	.1286538	1.984288	.6661538	8.818846	.4875	4.7725
	2.893853	3.534562	2.266536	0	1.94125	.2921154	1.936962	0	5.617692	1.0325	4.390192
	1.385			0	.0384615	0	0	0	.0532692	0	0
5.639639	3.484268	3.321622	1.689327	.0853846	2.434404	.0711538	2.0255	.4815385	8.482115	.2363462	3.421731
7.791837	4.257612	2.882221	2.123652	.0942308	2.055865	.3505577	2.044192	.7342308	8.753077	1.010385	4.341154
	1.54		1.36	0	.0288462	0	.0384615	0	.0444231	0	.0523077
5.79	3.176832	3.034343	2.33667	.0384615	2.000481	.1903846	1.162404	.2226923	6.355192	.5776923	2.716154
11.61923	3.392921	1.213333	2.426634	.05	2.538827	.0288462	1.571423	.5809615	8.614038	.035	3.813269
3.486829	4.291927	3.897124	2.115571	.0985577	1.764404	.2841346	1.641673	.3436538	7.572692	1.107308	3.473077
4.271827	3.754223	2.320285	2.917269	.1068269	1.907135	.2431731	1.129942	.4563461	7.159808	.5642308	3.296346
6.86	3.27576	2.940373	2.3382	.1153846	2.372673	.21125	1.305327	.7915385	7.772308	.6211538	3.052115
10.02	3.244711	2.506823	2.505291	.1538462	2.173596	.5989808	1.526615	1.541538	7.052692	1.501538	3.824615
6.115556	2.981614	2.254839	1.934873	.0216346	.4288462	.1788462	.5893846	.1323077	1.278654	.4032692	1.140385
2.79	2.848498	3.195652	2.153209	.0192308	.4417308	.2211538	.6501923	.0536538	1.258269	.7067308	1.4
6.2	4.094285	4.896142	2.209031	.0096154	.1346154	.0648077	.2721346	.0596154	.5511538	.3173077	.6011538
		2.5		0	0	.0769231	0	0	0	.1923077	0
	2.36		1.655502	0	.0576923	0	.1205769	0	.1361538	0	.1996154
	1.976471		5	0	.0326923	0	.0134615	0	.0646154	0	.0673077
	3.453287		3.7875	0	.0277885	0	.0153846	0	.0959615	0	.0582692
6.930131	2.978661	3.128985	2.184176	.1321154	2.828904	.1326923	1.957788	.9155769	8.426346	.4151923	4.276154
8.744929	2.832513	2.277222	2.196736	.1564423	2.813077	.3461538	2.13875	1.368077	7.968077	.7882692	4.698269
4.010217	3.014985	7.670455	2.292329	.0752885	2.566731	.0507692	2.153923	.3019231	7.738654	.3894231	4.9375
2.661369	3.303819	3.308772	2.470188	.1573077	2.502058	.0548077	2.109385	.4186538	8.266346	.1813462	5.210577
4.592308	3.197885	4.803353	2.566956	.1	3.021769	.1193077	2.270423	.4592308	9.663269	.5730769	5.828077
2.227059	2.845412	3.315318	2.551743	.3269231	2.978885	.1245385	2.240173	.7280769	8.476154	.4128846	5.716346
3.516	3.400234	3.583673	2.353349	.1442308	2.831423	.1884615	2.327615	.5071154	9.6275	.6753846	5.477692
	2.687254	2.442544	2.29944	0	2.830385	.1799038	1.928731	.2671154	7.605962	.4394231	4.435
8.658065	3.39269	3.215	2.540311	.1192308	2.501192	.0769231	1.515865	1.032308	8.485769	.2473077	3.850769
	2.342857	3.225		0	.0403846	.0230769	0	0	.0946154	.0744231	.0242308
7.057895	3.017445	2.800571	2.942664	.0730769	2.659981	.3365385	1.361404	.5157692	8.026346	.9425	4.006154
4.110938	2.892866	2.2625	2.624239	.1230769	3.478385	.3538462	1.871385	.5059615	10.0625	.8005769	4.910962
4.030452	2.637816	2.835844	3.052443	.1957692	2.990673	.3792115	1.434538	.7890385	7.888846	1.075385	4.378846
2.65	2.799462	3.279487	2.651749	.0769231	2.844365	.15	1.375942	.2038462	7.962692	.4919231	3.648654
4.525	2.844815	2.79	1.849342	.0230769	.2629615	.0192308	.2923077	.1044231	.7480769	.0536538	.5405769
	4.363256	3.76	4.312241	0	.40425	.0192308	.2413077	0	1.763846	.0723077	1.040577
	2.83379			0	.4211538	0	0	0	1.193462	0	.0261538
	2.234483		.98	0	.0557692	0	.0384615	0	.1246154	0	.0376923
3	3.03375		1.952688	.0192308	.1538462	0	.0894231	.0576923	.4667308	0	.1746154
	2.061538		2.126667	0	.0125	0	.0288462	0	.0257692	0	.0613462
2.9	2.85625			.0288462	.0615385	0	0	.0836538	.1757692	0	.0230769
8.285714				.0067308	0	0	0	.0557692	.0438462	0	0
	7.051125			0	.1410577	0	0	0	.9946154	0	.0811538
5.112	2.973579	3.102222	2.285843	.0961538	2.263654	.0865385	1.919423	.4915385	6.731154	.2684615	4.3875
4.592967	2.998726	4.864414	2.914711	.1596923	2.566538	.2304808	.9463269	.7334615	7.696346	1.121154	2.758269
4.204	2.959518	3.164167	2.718882	.0961538	1.707788	.2307692	1.454288	.4042308	5.054231	.7301923	3.954038
3.059893	2.853985	2.491035	2.855904	.2327885	3.193173	.2788462	1.242231	.7123077	9.113269	.6946154	3.547692
4.650714	3.002285	2.803922	2.359408	.2788654	2.339115	.1961538	2.090404	1.296923	7.022692	.55	4.932115
2.386667	3.245181	4.301485	2.059355	.0288462	1.966288	.3884615	1.416519	.0688462	6.380962	1.670962	2.917115
	2.623333		1.435555	0	.1153846	0	.0865385	0	.3026923	0	.1242308
4.223333	3.077245	2.875862	2.973389	.0576923	2.163462	.1115385	1.248058	.2436538	6.6575	.3207692	3.710962
	2.331429			0	.0673077	0	0	0	.1569231	0	0
4.506066	3.001796	2.460741	2.120855	.1109615	2.784808	.2596154	1.826731	.5	8.359423	.6388461	3.874231
21.296	2.918522	2.95906	3.429221	.0480769	2.578558	.2865385	1.310288	1.023846	7.525577	.8478846	4.493269
8.3375	3.223678	2.99485	2.495536	.0769231	2.649327	.4480769	1.432404	.6413462	8.540577	1.341923	3.574615
3.793313	3.205224	3.848125	3.224081	.2214423	2.945192	.3076923	1.333654	.84	9.44	1.184038	4.299808
3.85305	2.79204	3.036875	2.039991	.0986731	2.704942	.3076923	1.949481	.3801923	7.552308	.9344231	3.976923
5.43084	2.801417	2.957899	2.311246	.1452885	2.621269	.2306731	1.823442	.7890385	7.343269	.6823077	4.214423
3.209671	2.915376	4.042857	2.817927	.0922692	.4656346	.1346154	.3986154	.2961538	1.3575	.5442308	1.123269
6.78	3.283429	11.36667	4.151629	.0192308	.3365385	.0576923	.1428077	.1303846	1.105	.6557692	.5928846
	3.6975		1.471429	0	.0769231	0	.1076923	0	.2844231	0	.1584615
				0	0	0	0	0	0	0	.0394231
	3.3			0	.0192308	0	0	0	.0634615	0	0
	2.72			0	.0961538	0	0	0	.2615385	0	.0786538
	2.8225	3.1		0	.0769231	.0192308	0	0	.2171154	.0596154	.0619231
			1.260786	0	0	0	.2005769	0	0	0	.2528846
	3.506494		1.469767	0	.09625	0	.1240385	0	.3375	0	.1823077
	2.953333			0	.0576923	0	0	0	.1703846	0	.0817308
5.029	3.745423	5.67	2.515866	.1923077	1.417885	.0576923	1.036346	.9671154	5.310577	.3271154	2.607308
2.076807	3.437303	4.406137	2.347974	.1902885	1.802788	.1065385	.9041346	.3951923	6.196731	.4694231	2.122885
3.891597	3.325212	17.69	2.621356	.2288462	1.925962	.0192308	1.104904	.8905769	6.404231	.3401923	2.896346
7.1825	2.830632	5.0175	2.639751	.0769231	2.681923	.0769231	1.390865	.5525	7.591538	.3859615	3.671538
3.497143	4.005654	3.85	3.54378	.0673077	1.496442	.0192308	1.106923	.2353846	5.994231	.0740385	3.922692
9.8175	4.111272	5.04	2.51626	.0769231	1.992692	.0384615	1.800673	.7551923	8.1925	.1938462	4.530962
2.771713	3.04274	2.617273	1.856	.2025962	2.287981	.2115385	2.690442	.5615385	6.961731	.5536539	4.993462
2.626667	3.638184	3.922857	2.18257	.2019231	2.32375	.0673077	1.67375	.5303846	8.454231	.2640385	3.653077
3.739779	3.992187	.495	2.952216	.2963462	2.298962	.0384615	1.501154	1.108269	9.177885	.0190385	4.431731
	3.324625	2.985333	2.10219	0	1.597462	.1442308	1.748635	0	5.310962	.4305769	3.675962
13.06	3.404668	2.479412	2.560016	.1442308	3.035538	.0653846	2.126038	1.883654	10.335	.1621154	5.442692
	24.02			0	.0192308	0	0	0	.4619231	0	.1090385
4.550909	2.718256	4.62991	2.492668	.1057692	1.971923	.1273077	1.717885	.4813462	5.360192	.5894231	4.282115
6.238353	3.452875	3.478571	2.312482	.1775	1.307885	.1346154	1.315769	1.107308	4.515962	.4682692	3.042692
10.58964	3.798183		3.73641	.0241346	.3916346	0	.375	.2555769	1.4875	0	1.401154
5.927473	3.784261	2.87191	1.580676	.0875	.2504808	.1283654	.1990385	.5186539	.9478846	.3686538	.3146154
	1.489691		1.798058	0	.0373077	0	.0495192	0	.0555769	0	.0890385
			6.26	0	0	0	.0384615	0	.1519231	0	.2407692
				0	0	0	0	0	.3173077	0	0
	1.94		1.383333	0	.0769231	0	.0576923	0	.1492308	0	.0798077
				0	0	0	0	0	0	0	.1094231
